
range =

    1.0423    1.1571


xs =

  Columns 1 through 9

     2     3     4     5     6     7     8     9    10

  Columns 10 through 11

    11    12


yn =

   1.0e+05 *

  Columns 1 through 5

    3.4274    3.0896    2.7851    2.5106    2.2632

  Columns 6 through 10

    2.0402    1.8391    1.6579    1.4945    1.3472

  Column 11

    1.2144

后验差比值为：0.10458
系统预测精度好
下个拟合值为 134718.5556
再下个拟合值为121441.7712
>> 