
range =

    1.0632    1.2125


xs =

  Columns 1 through 9

     2     3     4     5     6     7     8     9    10

  Columns 10 through 11

    11    12


yn =

   1.0e+05 *

  Columns 1 through 5

    2.8299    2.5016    2.2114    1.9549    1.7281

  Columns 6 through 10

    1.5277    1.3505    1.1938    1.0553    0.9329

  Column 11

    0.8247

后验差比值为：0.16914
系统预测精度好
下个拟合值为 93289.4336
再下个拟合值为82467.5843
>> 