
range =

    1.0654    1.1798


xs =

  Columns 1 through 9

     2     3     4     5     6     7     8     9    10

  Columns 10 through 11

    11    12


yn =

   1.0e+05 *

  Columns 1 through 5

    4.5282    4.1311    3.7688    3.4383    3.1367

  Columns 6 through 10

    2.8616    2.6107    2.3817    2.1728    1.9823

  Column 11

    1.8084

后验差比值为：0.14142
系统预测精度好
下个拟合值为 198226.8361
再下个拟合值为180842.0769
>> 