y =

     2
     2
     2
     4
     1
     3


ind1 =

     5


ind2 =

     1     2     3


ind3 =

     6


ind4 =

     4

>> 